50000
50000
50000
50000
50000
50000
50000
50000
50000
50000
50000
50000
50000
50000
50000
50000
50000
50000
50000
50000
50000
50000
50000
50000
50000
50000
50000
50000
50000
50000
50000
50000
50000
50000
50000
50000
50000
50000
50000
50000
50000
50000
50000
50000
5000000
50000
50000
50000
50000
50000
50000
50000
50000
50000
50000
50000
50000
50000
50000
50000
50000
50000
50000
3000000
100000
100000
100000
100000
100000
100000
100000
100000
100000
100000
100000
100000
100000
100000
100000
100000
100000
100000
100000
100000
100000
100000
150000
100000
100000
100000
100000
100000
100000
100000
100000
100000
100000
100000
100000
1500000
100000
100000
100000
100000
100000
100000
100000
100000
100000
100000
100000
100000
100000
100000
100000
100000
100000
100000
100000
100000
100000
100000
100000
100000
100000
100000
100000
100000
100000
100000
100000
100000
100000
100000
100000
100000
100000
3500000
100000
100000
100000
100000
100000
100000
100000
100000
100000
100000
100000
100000
100000
100000
100000
2000000
100000
100000
100000
100000
100000
100000
100000
100000
100000
100000
100000
100000
100000
100000
100000
100000
100000
100000
100000
100000
100000
100000
100000
100000
100000
100000
100000
100000
100000
100000
100000
100000
2000000
100000
100000
100000
100000
100000
100000
100000
100000
100000
100000
100000
100000
100000
100000
100000
100000
100000
100000
100000
100000
100000
100000
100000
100000
100000
650000
50000
50000
50000
50000
50000
50000
50000
50000
50000
50000
50000
50000
50000
50000
50000
50000
50000
50000
50000
50000
50000
50000
50000
50000
50000
50000
50000
50000
1000000
75000
75000
75000
75000
75000
75000
75000
75000
75000
75000
75000
75000
75000
75000
75000
75000
75000
75000
75000
75000
75000
75000
75000
75000
75000
75000
75000
75000
75000
75000
75000
75000
75000
75000
75000
75000
75000
75000
75000
75000
75000
75000
75000
75000
75000
200000
75000
75000
75000
75000
75000
75000
75000
75000
75000
75000
75000
75000
75000
75000
75000
75000
75000
75000
75000
75000
75000
75000
75000
75000
75000
75000
75000
75000
75000
75000
75000
75000
75000
75000
75000
75000
75000
75000
75000
75000
75000
75000
75000
75000
75000
75000
75000
200000
75000
75000
75000
75000
75000
75000
75000
75000
75000
75000
75000
75000
75000
75000
75000
75000
75000
75000
75000
75000
75000
75000
75000
75000
75000
150000
75000
75000
75000
75000
75000
75000
75000
75000
75000
75000
75000
75000
75000
75000
75000
75000
75000
75000
75000
75000
75000
75000
75000
150000
75000
75000
75000
75000
75000
75000
75000
75000
75000
75000
75000
75000
75000
75000
75000
75000
75000
75000
75000
75000
75000
100000
100000
100000
100000
100000
100000
100000
100000
100000
100000
100000
100000
2000000
50000
50000
50000
50000
50000
50000
50000
50000
50000
50000
50000
50000
50000
50000
50000
50000
50000
50000
75000
50000
50000
50000
50000
50000
50000
50000
50000
50000
50000
50000
50000
50000
50000
50000
50000
50000
50000
50000
50000
50000
50000
50000
500000
75000
75000
75000
75000
75000
75000
75000
75000
75000
75000
75000
75000
75000
75000
75000
75000
75000
75000
75000
75000
75000
75000
75000
75000
75000
75000
100000
75000
75000
75000
75000
75000
75000
75000
75000
75000
75000
75000
75000
75000
75000
75000
75000
75000
75000
3000000
75000
75000
75000
75000
75000
75000
75000
75000
75000
400000
200000
75000
75000
75000
75000
75000
75000
75000
75000
75000
75000
75000
75000
75000
75000
75000
75000
75000
75000
75000
2000000
150000
140000
130000
120000
110000
100000
100000
100000
100000
100000
100000
100000
100000
100000
100000
100000
100000
100000
100000
100000
100000
100000
100000
100000
100000
100000
100000
100000
100000
100000
250000
100000
100000
100000
100000
100000
100000
100000
100000
100000
100000
100000
200000
200000
2000000
75000
75000
75000
75000
75000
75000
75000
75000
75000
75000
75000
75000
75000
75000
75000
75000
75000
75000
75000
75000
75000
2500000
68500
68500
68500
68500
68500
68500
68500
68500
68500
68500
68500
68500
68500
68500
68500
68500
68500
68500
68500
68500
68500
500000
100000
100000
100000
100000
500000
100000
100000
100000
100000
100000
100000
1750000
75000
75000
75000
75000
75000
75000
75000
75000
75000
75000
75000
75000
75000
75000
75000
75000
75000
100000
75000
75000
75000
75000
75000
75000
75000
75000
75000
75000
75000
1000000
62500
62500
62500
62500
62500
62500
62500
62500
62500
62500
62500
62500
62500
62500
62500
62500
62500
62500
62500
62500
62500
62500
1000000
75000
75000
75000
75000
75000
75000
75000
75000
75000
75000
75000
75000
75000
75000
75000
75000
75000
75000
75000
75000
75000
75000
75000
75000
100000
75000
75000
75000
75000
75000
75000
75000
75000
75000
75000
75000
75000
75000
75000
75000
75000
75000
75000
75000
75000
200000
75000
75000
75000
75000
75000
75000
75000
75000
75000
75000
75000
75000
75000
75000
75000
75000
75000
75000
75000
75000
75000
200000
75000
75000
75000
75000
75000
75000
75000
75000
75000
75000
75000
75000
75000
75000
75000
75000
75000
75000
75000
75000
75000
75000
75000
200000
75000
75000
75000
75000
75000
75000
75000
75000
75000
75000
75000
100000
75000
75000
75000
75000
75000
75000
75000
75000
75000
75000
75000
75000
75000
200000
62500
62500
62500
62500
62500
62500
62500
62500
62500
62500
62500
62500
62500
62500
62500
62500
62500
62500
62500
62500
62500
62500
62500
62500
62500
62500
62500
62500
62500
62500
62500
62500
62500
62500
62500
62500
62500
62500
62500
62500
62500
62500
62500
62500
62500
62500
62500
62500
62500
62500
62500
62500
62500
62500
62500
62500
62500
62500
62500
62500
62500
200000
200000
200000
200000
200000
200000
2000000
50000
50000
50000
50000
50000
50000
50000
50000
50000
50000
50000
50000
50000
50000
50000
50000
50000
50000
75000
50000
50000
50000
50000
50000
50000
50000
50000
50000
50000
50000
50000
50000
50000
50000
50000
50000
50000
50000
50000
50000
50000
50000
50000
50000
50000
50000
50000
50000
50000
50000
50000
50000
50000
50000
500000
75000
75000
75000
75000
75000
75000
75000
75000
75000
75000
75000
100000
50000
50000
50000
50000
50000
50000
50000
50000
50000
50000
50000
50000
50000
50000
50000
50000
50000
50000
50000
50000
50000
1000000
50000
50000
50000
50000
50000
50000
50000
50000
50000
50000
50000
50000
50000
50000
50000
50000
50000
50000
50000
50000
1500000
50000
50000
50000
50000
50000
50000
50000
50000
50000
50000
50000
50000
50000
50000
50000
50000
50000
50000
50000
50000
50000
50000
50000
50000
50000
50000
50000
1500000
50000
50000
50000
50000
50000
50000
50000
50000
50000
50000
50000
50000
50000
50000
50000
50000
50000
50000
50000
50000
50000
50000
50000
50000
50000
50000
50000
50000
50000
50000
50000
50000
50000
50000
50000
50000
50000
50000
50000
50000
50000
50000
50000
50000
50000
50000
50000
50000
50000
50000
50000
1350000
50000
50000
50000
50000
50000
50000
50000
50000
50000
50000
50000
50000
50000
50000
50000
50000
50000
50000
50000
50000
50000
50000
50000
50000
50000
50000
50000
50000
50000
50000
50000
50000
50000
50000
50000
50000
50000
50000
50000
50000
50000
50000
50000
50000
50000
50000
50000
50000
50000
50000
50000
1400000
50000
50000
50000
50000
50000
50000
50000
50000
50000
50000
50000
50000
50000
50000
50000
50000
50000
50000
50000
50000
50000
50000
50000
50000
50000
50000
50000
50000
50000
50000
50000
50000
50000
50000
50000
50000
50000
50000
50000
50000
50000
50000
50000
50000
50000
50000
50000
50000
50000
50000
50000
50000
1350000
50000
50000
50000
50000
50000
50000
50000
50000
50000
50000
50000
50000
50000
50000
50000
50000
50000
50000
50000
50000
50000
50000
50000
50000
50000
50000
50000
50000
50000
50000
50000
50000
300000
1100000
50000
50000
50000
50000
50000
50000
50000
50000
50000
50000
50000
50000
50000
50000
50000
50000
50000
50000
50000
950000
50000
50000
50000
50000
50000
50000
50000
50000
50000
50000
50000
1350000
50000
50000
50000
50000
50000
50000
50000
50000
50000
50000
50000
50000
50000
50000
50000
50000
50000
50000
50000
50000
50000
50000
50000
50000
50000
650000
50000
50000
50000
50000
50000
50000
50000
50000
50000
50000
50000
1350000
50000
50000
50000
50000
50000
50000
50000
50000
50000
50000
50000
50000
50000
50000
50000
50000
50000
50000
50000
50000
50000
50000
50000
50000
700000
50000
50000
50000
50000
50000
50000
50000
50000
50000
50000
50000
1350000
50000
50000
50000
50000
50000
50000
50000
50000
50000
50000
50000
50000
50000
50000
50000
50000
50000
50000
50000
50000
50000
50000
50000
50000
50000
50000
600000
50000
50000
50000
50000
50000
50000
50000
50000
50000
50000
50000
1350000
50000
50000
50000
50000
50000
50000
50000
50000
50000
50000
50000
50000
50000
50000
50000
50000
50000
50000
50000
50000
50000
50000
50000
50000
50000
50000
50000
50000
50000
50000
400000
50000
50000
50000
50000
50000
50000
50000
50000
50000
50000
50000
1850000
50000
50000
50000
50000
50000
50000
50000
50000
50000
50000
50000
1350000
50000
50000
50000
50000
50000
50000
50000
50000
50000
50000
50000
1350000
50000
50000
50000
50000
50000
50000
50000
50000
50000
50000
50000
50000
50000
50000
50000
50000
50000
50000
50000
50000
50000
50000
50000
50000
50000
50000
50000
50000
50000
50000
50000
50000
50000
50000
50000
50000
50000
50000
50000
50000
50000
50000
50000
50000
50000
50000
50000
50000
50000
50000
50000
50000
50000
50000
50000
50000
50000
50000
50000
50000
50000
50000
50000
50000
50000
50000
50000
50000
50000
50000
50000
50000
50000
50000
50000
50000
50000
50000
50000
50000
50000
50000
50000
50000
50000
50000
50000
50000
50000
50000
50000
50000
50000
50000
50000
50000
50000
50000
50000
50000
50000
50000
50000
50000
50000
50000
50000
50000
50000
50000
50000
50000
50000
50000
50000
50000
50000
50000
50000
50000
50000
50000
50000
50000
50000
50000
50000
50000
50000
50000
50000
50000
50000
50000
50000
50000
50000
50000
50000
50000
50000
50000
50000
50000
50000
50000
50000
50000
50000
50000
50000
50000
